1160405026
1051201024
1120615018
1160420033
1120125011
1120802007
1140228026
1150717018
1160630025
1120906020
1160706031
1050519011
1050329005
1051201017
1160805019
1150915012
1050608012
1050526014
1150717005
1140723018
1120919016
1150812008
1120501019
1120118030
1120629010
1050803007
1160831012
1150804003
1140805023
1120523017
1150903001
1160803023
1160504023
1120221014
1150612032
1120224020
1120223017
1050810008
1150929007
1050218015
1140328025
1140826022
1050315021
1160620016
1050526011
1140617015
1140714027
1051117022
1160504021
1050729024
1050302007
1120508029
1120713009
1050803026
1140212016
1050210003
1140619005
1160712013
1120531012
1140618023
1120919001
1120802018
1050805011
1160701030
1150710005
1140408029
1050701002
1140211021
1140711013
1160512005
1120427032
1120221023
1050413010
1160525001
1120920009
1050621020
1150501008
1150623001
1050208018
1120523020
1140220023
1140714005
1120208002
1140213021
1160916001
1160927026
1140408008
1050210001
1150723006
1150430031
1051129017
1140814019
1150804021
1150820010
1050218026
1160406025
1120808026
1140204021
1050810014
1120801018
